%healthcareVSeducation

%EducationMatrices 

EDUC0v100=[0	0	0.775	0.8716	0.8655	0.735	0.3846	0	0	0]

EDUC10v90=[0	0	0.765	0.8616	0.8555	0.725	0.3746	0	0	0]

EDUC20v80=[0	0	0.755	0.8516	0.8455	0.715	0.3646	0	0	0]

EDUC30v70=[0	0	0.745	0.8416	0.8355	0.705	0.3546	0	0	0]

EDUC40v60=[0	0	0.735	0.8316	0.8255	0.695	0.3446	0	0	0]

EDUC50v50=[0	0	0.725	0.8216	0.8155	0.685	0.3346	0	0	0]

EDUC60v40=[0	0	0.715	0.8116	0.8055	0.675	0.3246	0	0	0]

EDUC70v30=[0	0	0.705	0.8016	0.7955	0.665	0.3146	0	0	0]

EDUC80v20=[0	0	0.695	0.7916	0.7855	0.655	0.3046	0	0	0]

EDUC90v10=[0	0	0.685	0.7816	0.7755	0.645	0.2946	0	0	0]

EDUC100v0=[0	0	0.675	0.7716	0.7655	0.635	0.2846	0	0	0]

%HealthcareMatrices

HEALTH0v100=[0 0.1402	0.9128	0.7221	0.052	0.0029 0	0	0	0
0.98	0	0	0	0	0	0	0	0	0
0	0.97	0	0	0	0	0	0	0	0
0	0	0.96	0	0	0	0	0	0	0
0	0	0	0.95	0	0	0	0	0	0
0	0	0	0	0.94	0	0	0	0	0
0	0	0	0	0	0.93	0	0	0	0
0	0	0	0	0	0	0.92	0	0	0
0	0	0	0	0	0	0	0.85	0	0
0	0	0	0	0	0	0	0	0.8	0
]
HEALTH10v90=[0 0.1402	0.9128	0.7221	0.052	0.0029 0	0	0	0
0.9832	0	0	0	0	0	0	0	0	0
0	0.9758	0	0	0	0	0	0	0	0
0	0	0.9678	0	0	0	0	0	0	0
0	0	0	0.9596	0	0	0	0	0	0
0	0	0	0	0.9512	0	0	0	0	0
0	0	0	0	0	0.9422	0	0	0	0
0	0	0	0	0	0	0.932	0	0	0
0	0	0	0	0	0	0	0.8694	0	0
0	0	0	0	0	0	0	0	0.8272	0
]
HEALTH20v80=[0 0.1402	0.9128	0.7221	0.052	0.0029 0	0	0	0
0.9864	0	0	0	0	0	0	0	0	0
0	0.9816	0	0	0	0	0	0	0	0
0	0	0.9756	0	0	0	0	0	0	0
0	0	0	0.9692	0	0	0	0	0	0
0	0	0	0	0.9624	0	0	0	0	0
0	0	0	0	0	0.9544	0	0	0	0
0	0	0	0	0	0	0.944	0	0	0
0	0	0	0	0	0	0	0.8888	0	0
0	0	0	0	0	0	0	0	0.8544	0
]
HEALTH30v70=[0 0.1402	0.9128	0.7221	0.052	0.0029 0	0	0	0
0.9896	0	0	0	0	0	0	0	0	0
0	0.9874	0	0	0	0	0	0	0	0
0	0	0.9834	0	0	0	0	0	0	0
0	0	0	0.9788	0	0	0	0	0	0
0	0	0	0	0.9736	0	0	0	0	0
0	0	0	0	0	0.9666	0	0	0	0
0	0	0	0	0	0	0.956	0	0	0
0	0	0	0	0	0	0	0.9082	0	0
0	0	0	0	0	0	0	0	0.8816	0
]
HEALTH40v60=[0 0.1402	0.9128	0.7221	0.052	0.0029 0	0	0	0
0.9928	0	0	0	0	0	0	0	0	0
0	0.9932	0	0	0	0	0	0	0	0
0	0	0.9912	0	0	0	0	0	0	0
0	0	0	0.9884	0	0	0	0	0	0
0	0	0	0	0.9848	0	0	0	0	0
0	0	0	0	0	0.9788	0	0	0	0
0	0	0	0	0	0	0.968	0	0	0
0	0	0	0	0	0	0	0.9276	0	0
0	0	0	0	0	0	0	0	0.9088	0
]
HEALTH50v50=[0 0.1402	0.9128	0.7221	0.052	0.0029 0	0	0	0
0.996	0	0	0	0	0	0	0	0	0
0	0.999	0	0	0	0	0	0	0	0
0	0	0.999	0	0	0	0	0	0	0
0	0	0	0.998	0	0	0	0	0	0
0	0	0	0	0.996	0	0	0	0	0
0	0	0	0	0	0.991	0	0	0	0
0	0	0	0	0	0	0.98	0	0	0
0	0	0	0	0	0	0	0.947	0	0
0	0	0	0	0	0	0	0	0.936	0

]
HEALTH60v40=[0 0.1402	0.9128	0.7221	0.052	0.0029 0	0	0	0
0.9964	0	0	0	0	0	0	0	0	0
0	0.99908	0	0	0	0	0	0	0	0
0	0	0.99912	0	0	0	0	0	0	0
0	0	0	0.99836	0	0	0	0	0	0
0	0	0	0	0.9968	0	0	0	0	0
0	0	0	0	0	0.992	0	0	0	0
0	0	0	0	0	0	0.982	0	0	0
0	0	0	0	0	0	0	0.9476	0	0
0	0	0	0	0	0	0	0	0.9368	0
]
HEALTH70v30=[0 0.1402	0.9128	0.7221	0.052	0.0029 0	0	0	0
0.9968	0	0	0	0	0	0	0	0	0
0	0.99916	0	0	0	0	0	0	0	0
0	0	0.99924	0	0	0	0	0	0	0
0	0	0	0.99872	0	0	0	0	0	0
0	0	0	0	0.9976	0	0	0	0	0
0	0	0	0	0	0.993	0	0	0	0
0	0	0	0	0	0	0.984	0	0	0
0	0	0	0	0	0	0	0.9482	0	0
0	0	0	0	0	0	0	0	0.9376	0
]
HEALTH80v20=[0 0.1402	0.9128	0.7221	0.052	0.0029 0	0	0	0
0.9972	0	0	0	0	0	0	0	0	0
0	0.99924	0	0	0	0	0	0	0	0
0	0	0.99936	0	0	0	0	0	0	0
0	0	0	0.99908	0	0	0	0	0	0
0	0	0	0	0.9984	0	0	0	0	0
0	0	0	0	0	0.994	0	0	0	0
0	0	0	0	0	0	0.986	0	0	0
0	0	0	0	0	0	0	0.9488	0	0
0	0	0	0	0	0	0	0	0.9384	0
]
HEALTH90v10=[0 0.1402	0.9128	0.7221	0.052	0.0029 0	0	0	0
0.9976	0	0	0	0	0	0	0	0	0
0	0.99932	0	0	0	0	0	0	0	0
0	0	0.99948	0	0	0	0	0	0	0
0	0	0	0.99944	0	0	0	0	0	0
0	0	0	0	0.9992	0	0	0	0	0
0	0	0	0	0	0.995	0	0	0	0
0	0	0	0	0	0	0.988	0	0	0
0	0	0	0	0	0	0	0.9494	0	0
0	0	0	0	0	0	0	0	0.9392	0
]
HEALTH100v0=[0 0.1402	0.9128	0.7221	0.052	0.0029 0	0	0	0
0.998	0	0	0	0	0	0	0	0	0
0	0.9994	0	0	0	0	0	0	0	0
0	0	0.9996	0	0	0	0	0	0	0
0	0	0	0.9998	0	0	0	0	0	0
0	0	0	0	1	0	0	0	0	0
0	0	0	0	0	0.996	0	0	0	0
0	0	0	0	0	0	0.99	0	0	0
0	0	0	0	0	0	0	0.95	0	0
0	0	0	0	0	0	0	0	0.94	0
]

E=EDUC50v50

WP=p*E
