%healthcareVSeducation

%EducationMatrices 

EDUC0v100=[0	0	77.5	87.16	86.55	73.5	38.46	0	0	0]

EDUC10v90=[0	0	76.5	86.16	85.55	72.5	37.46	0	0	0]

EDUC20v80=[0	0	75.5	85.16	84.55	71.5	36.46	0	0	0
]
EDUC30v70=[0	0	74.5	84.16	83.55	70.5	35.46	0	0	0
]
EDUC40v60=[0	0	73.5	83.16	82.55	69.5	34.46	0	0	0
]
EDUC50v50=[0	0	72.5	82.16	81.55	68.5	33.46	0	0	0
]
EDUC60v40=[0	0	71.5	81.16	80.55	67.5	32.46	0	0	0
]
EDUC70v30=[0	0	70.5	80.16	79.55	66.5	31.46	0	0	0
]
EDUC80v20=[0	0	69.5	79.16	78.55	65.5	30.46	0	0	0
]
EDUC90v10=[0	0	68.5	78.16	77.55	64.5	29.46	0	0	0
]
EDUC100v0=[0	0	67.5	77.16	76.55	63.5	28.46	0	0	0
]

%HealthcareMatrices

HEALTH0v100=[0	0.01	0.15	0.13	0.01	0.0002	0	0	0	0
0.98	0	0	0	0	0	0	0	0	0
0	0.97	0	0	0	0	0	0	0	0
0	0	0.96	0	0	0	0	0	0	0
0	0	0	0.95	0	0	0	0	0	0
0	0	0	0	0.94	0	0	0	0	0
0	0	0	0	0	0.93	0	0	0	0
0	0	0	0	0	0	0.92	0	0	0
0	0	0	0	0	0	0	0.85	0	0
0	0	0	0	0	0	0	0	0.8	0
]
HEALTH10v90=[0	0.01372	0.15724	0.13346	0.01012	0.00028	0	0	0	0
0.9832	0	0	0	0	0	0	0	0	0
0	0.9758	0	0	0	0	0	0	0	0
0	0	0.9678	0	0	0	0	0	0	0
0	0	0	0.9596	0	0	0	0	0	0
0	0	0	0	0.9512	0	0	0	0	0
0	0	0	0	0	0.9422	0	0	0	0
0	0	0	0	0	0	0.932	0	0	0
0	0	0	0	0	0	0	0.8694	0	0
0	0	0	0	0	0	0	0	0.8272	0
]
HEALTH20v80=[0	0.01744	0.16448	0.13692	0.01024	0.00036	0	0	0	0
0.9864	0	0	0	0	0	0	0	0	0
0	0.9816	0	0	0	0	0	0	0	0
0	0	0.9756	0	0	0	0	0	0	0
0	0	0	0.9692	0	0	0	0	0	0
0	0	0	0	0.9624	0	0	0	0	0
0	0	0	0	0	0.9544	0	0	0	0
0	0	0	0	0	0	0.944	0	0	0
0	0	0	0	0	0	0	0.8888	0	0
0	0	0	0	0	0	0	0	0.8544	0
]
HEALTH30v70=[0	0.02116	0.17172	0.14038	0.01036	0.00044	0	0	0	0
0.9896	0	0	0	0	0	0	0	0	0
0	0.9874	0	0	0	0	0	0	0	0
0	0	0.9834	0	0	0	0	0	0	0
0	0	0	0.9788	0	0	0	0	0	0
0	0	0	0	0.9736	0	0	0	0	0
0	0	0	0	0	0.9666	0	0	0	0
0	0	0	0	0	0	0.956	0	0	0
0	0	0	0	0	0	0	0.9082	0	0
0	0	0	0	0	0	0	0	0.8816	0
]
HEALTH40v60=[0	0.02488	0.17896	0.14384	0.01048	0.00052	0	0	0	0
0.9928	0	0	0	0	0	0	0	0	0
0	0.9932	0	0	0	0	0	0	0	0
0	0	0.9912	0	0	0	0	0	0	0
0	0	0	0.9884	0	0	0	0	0	0
0	0	0	0	0.9848	0	0	0	0	0
0	0	0	0	0	0.9788	0	0	0	0
0	0	0	0	0	0	0.968	0	0	0
0	0	0	0	0	0	0	0.9276	0	0
0	0	0	0	0	0	0	0	0.9088	0
]
HEALTH50v50=[0	0.01	0.15	0.13	0.01	0.0002	0	0	0	0
0.996	0	0	0	0	0	0	0	0	0
0	0.999	0	0	0	0	0	0	0	0
0	0	0.999	0	0	0	0	0	0	0
0	0	0	0.998	0	0	0	0	0	0
0	0	0	0	0.996	0	0	0	0	0
0	0	0	0	0	0.991	0	0	0	0
0	0	0	0	0	0	0.98	0	0	0
0	0	0	0	0	0	0	0.947	0	0
0	0	0	0	0	0	0	0	0.936	0

]
HEALTH60v40=[0	0.03088	0.20896	0.17384	0.01648	0.00068	0	0	0	0
0.9964	0	0	0	0	0	0	0	0	0
0	0.99908	0	0	0	0	0	0	0	0
0	0	0.99912	0	0	0	0	0	0	0
0	0	0	0.99836	0	0	0	0	0	0
0	0	0	0	0.9968	0	0	0	0	0
0	0	0	0	0	0.992	0	0	0	0
0	0	0	0	0	0	0.982	0	0	0
0	0	0	0	0	0	0	0.9476	0	0
0	0	0	0	0	0	0	0	0.9368	0
]
HEALTH70v30=[0	0.03316	0.23172	0.20038	0.02236	0.00076	0	0	0	0
0.9968	0	0	0	0	0	0	0	0	0
0	0.99916	0	0	0	0	0	0	0	0
0	0	0.99924	0	0	0	0	0	0	0
0	0	0	0.99872	0	0	0	0	0	0
0	0	0	0	0.9976	0	0	0	0	0
0	0	0	0	0	0.993	0	0	0	0
0	0	0	0	0	0	0.984	0	0	0
0	0	0	0	0	0	0	0.9482	0	0
0	0	0	0	0	0	0	0	0.9376	0
]
HEALTH80v20=[0	0.03544	0.25448	0.22692	0.02824	0.00084	0	0	0	0
0.9972	0	0	0	0	0	0	0	0	0
0	0.99924	0	0	0	0	0	0	0	0
0	0	0.99936	0	0	0	0	0	0	0
0	0	0	0.99908	0	0	0	0	0	0
0	0	0	0	0.9984	0	0	0	0	0
0	0	0	0	0	0.994	0	0	0	0
0	0	0	0	0	0	0.986	0	0	0
0	0	0	0	0	0	0	0.9488	0	0
0	0	0	0	0	0	0	0	0.9384	0
]
HEALTH90v10=[0	0.03772	0.27724	0.25346	0.03412	0.00092	0	0	0	0
0.9976	0	0	0	0	0	0	0	0	0
0	0.99932	0	0	0	0	0	0	0	0
0	0	0.99948	0	0	0	0	0	0	0
0	0	0	0.99944	0	0	0	0	0	0
0	0	0	0	0.9992	0	0	0	0	0
0	0	0	0	0	0.995	0	0	0	0
0	0	0	0	0	0	0.988	0	0	0
0	0	0	0	0	0	0	0.9494	0	0
0	0	0	0	0	0	0	0	0.9392	0
]
HEALTH100v0=[0	0.04	0.3	0.28	0.04	0.001	0	0	0	0
0.998	0	0	0	0	0	0	0	0	0
0	0.9994	0	0	0	0	0	0	0	0
0	0	0.9996	0	0	0	0	0	0	0
0	0	0	0.9998	0	0	0	0	0	0
0	0	0	0	1	0	0	0	0	0
0	0	0	0	0	0.996	0	0	0	0
0	0	0	0	0	0	0.99	0	0	0
0	0	0	0	0	0	0	0.95	0	0
0	0	0	0	0	0	0	0	0.94	0
]
