EducM=[0	0	0.675	0.7716	0.7655	0.635	0.2846	0	0	0;
    0	0	0.685	0.7816	0.7755	0.645	0.2946	0	0	0;
    0	0	0.695	0.7916	0.7855	0.655	0.3046	0	0	0;
    0	0	0.705	0.8016	0.7955	0.665	0.3146	0	0	0;
    0	0	0.715	0.8116	0.8055	0.675	0.3246	0	0	0;
    0	0	0.725	0.8216	0.8155	0.685	0.3346	0	0	0;
    0	0	0.735	0.8316	0.8255	0.695	0.3446	0	0	0;
    0	0	0.745	0.8416	0.8355	0.705	0.3546	0	0	0;
    0	0	0.755	0.8516	0.8455	0.715	0.3646	0	0	0;
    0	0	0.765	0.8616	0.8555	0.725	0.3746	0	0	0;
    0	0	0.775	0.8716	0.8655	0.735	0.3846	0	0	0;
]
